0.370758455999
0.226946335342
0.0671600276066
0.0410768799407
0.433002713383
0.00419379515824
0.395517651121
0.105237735242
0.370949401689
0.25266204972
0.0658041847857
0.0538755378517
0.0422372131029
0.407637387288
0.0165935713151
0.115648275659
0.426321230853
0.0612760996178
0.209646677588
0.0664380645402
0.395677416135
0.295825740985
0.08031506976
0.370947273991
0.116282832825
0.0359164175827
0.303571587455
0.408347533742
0.315902202084
0.431999406753
0.39647017333
0.278650641729
0.00496885344722
0.39641936583
0.301168070737
0.0612296539034
0.291800431858
0.197599273151
0.433654762184
0.327468225389
0.427275619368
0.142272091334
0.166269486706
0.227845921004
0.139866448379
0.0300625640306
0.422299764388
0.302804422752
0.0857488189038
0.326505192262
0.051810919056
-0.00162435836423
0.0602033868851
0.0445600983805
0.109082086836
