0,1,1,2:3
1,1,2,3:5
1,2,3,5:8
2,3,5,8:13
3,5,8,13:21
5,8,13,21:34
8,13,21,34:55
13,21,34,55:89
21,34,55,89:144
34,55,89,144:233
55,89,144,233:377
89,144,233,377:610
144,233,377,610:987
233,377,610,987:1597
377,610,987,1597:2584
610,987,1597,2584:4181
987,1597,2584,4181:6765
1597,2584,4181,6765:10946
2584,4181,6765,10946:17711
4181,6765,10946,17711:28657
6765,10946,17711,28657:46368
10946,17711,28657,46368:75025
17711,28657,46368,75025:121393
28657,46368,75025,121393:196418
46368,75025,121393,196418:317811
75025,121393,196418,317811:514229
121393,196418,317811,514229:832040
196418,317811,514229,832040:1346269
317811,514229,832040,1346269:2178309
514229,832040,1346269,2178309:3524578
832040,1346269,2178309,3524578:5702887
1346269,2178309,3524578,5702887:9227465
2178309,3524578,5702887,9227465:14930352
3524578,5702887,9227465,14930352:24157817
5702887,9227465,14930352,24157817:39088169
9227465,14930352,24157817,39088169:63245986
14930352,24157817,39088169,63245986:102334155
24157817,39088169,63245986,102334155:165580141
39088169,63245986,102334155,165580141:267914296
63245986,102334155,165580141,267914296:433494437
102334155,165580141,267914296,433494437:701408733
165580141,267914296,433494437,701408733:1134903170
267914296,433494437,701408733,1134903170:1836311903
433494437,701408733,1134903170,1836311903:2971215073
701408733,1134903170,1836311903,2971215073:4807526976
1134903170,1836311903,2971215073,4807526976:7778742049
1836311903,2971215073,4807526976,7778742049:12586269025
2971215073,4807526976,7778742049,12586269025:20365011074
4807526976,7778742049,12586269025,20365011074:32951280099
7778742049,12586269025,20365011074,32951280099:53316291173
12586269025,20365011074,32951280099,53316291173:86267571272
20365011074,32951280099,53316291173,86267571272:139583862445
32951280099,53316291173,86267571272,139583862445:225851433717
53316291173,86267571272,139583862445,225851433717:365435296162
86267571272,139583862445,225851433717,365435296162:591286729879
139583862445,225851433717,365435296162,591286729879:956722026041
225851433717,365435296162,591286729879,956722026041:1548008755920
365435296162,591286729879,956722026041,1548008755920:2504730781961
591286729879,956722026041,1548008755920,2504730781961:4052739537881
956722026041,1548008755920,2504730781961,4052739537881:6557470319842
1548008755920,2504730781961,4052739537881,6557470319842:10610209857723
2504730781961,4052739537881,6557470319842,10610209857723:17167680177565
4052739537881,6557470319842,10610209857723,17167680177565:27777890035288
6557470319842,10610209857723,17167680177565,27777890035288:44945570212853
10610209857723,17167680177565,27777890035288,44945570212853:72723460248141
17167680177565,27777890035288,44945570212853,72723460248141:117669030460994
27777890035288,44945570212853,72723460248141,117669030460994:190392490709135
44945570212853,72723460248141,117669030460994,190392490709135:308061521170129
72723460248141,117669030460994,190392490709135,308061521170129:498454011879264
117669030460994,190392490709135,308061521170129,498454011879264:806515533049393
190392490709135,308061521170129,498454011879264,806515533049393:1304969544928657
308061521170129,498454011879264,806515533049393,1304969544928657:2111485077978050
498454011879264,806515533049393,1304969544928657,2111485077978050:3416454622906707
806515533049393,1304969544928657,2111485077978050,3416454622906707:5527939700884757
1304969544928657,2111485077978050,3416454622906707,5527939700884757:8944394323791464
2111485077978050,3416454622906707,5527939700884757,8944394323791464:14472334024676221
3416454622906707,5527939700884757,8944394323791464,14472334024676221:23416728348467685
5527939700884757,8944394323791464,14472334024676221,23416728348467685:37889062373143906
8944394323791464,14472334024676221,23416728348467685,37889062373143906:61305790721611591
14472334024676221,23416728348467685,37889062373143906,61305790721611591:99194853094755497
23416728348467685,37889062373143906,61305790721611591,99194853094755497:160500643816367088
37889062373143906,61305790721611591,99194853094755497,160500643816367088:259695496911122585
61305790721611591,99194853094755497,160500643816367088,259695496911122585:420196140727489673
99194853094755497,160500643816367088,259695496911122585,420196140727489673:679891637638612258
