0.296752203253
0.239547633641
0.289410029635
0.0351022183955
0.103374103594
0.402324041224
0.25131188482
0.145756252633
0.171479129675
0.239750370298
0.141332969999
-0.00240808655995
0.375938494181
0.290206325151
0.189903934301
0.147215843406
0.406726260577
0.276247316948
0.0659042555153
0.276436593194
0.0914874923514
0.0841238004867
0.400858000737
0.227204717079
0.115135087758
0.266190247137
0.164679415958
0.186229354416
0.216319960373
-0.00294041834999
0.266217706373
0.170663072498
0.186229103916
0.358610308023
0.406312675568
0.377567295703
0.294887569203
0.0557348465342
0.402461557143
0.0832576568156
0.297093806887
0.239803717635
0.0176553351915
0.0301980012002
0.295157674886
0.135740503324
0.226456733083
0.105578494156
0.0799884558167
0.425428504244
0.0543931656119
0.251276432141
-0.00303954940385
0.0661916126773
0.28627466368
